100 10
-56098.9 57416.9 -76826.8 40212 14849 -9835.66 -57467.6 -55571.3 83502.9 42927.5 
-52820.4 -98414.3 -94081.6 40521.9 -71984.2 59210.6 28562 63017.9 95109.8 -81319.9 
-17931.3 3639.76 -22904.1 -43696.4 18290.1 -69643.7 -83188.6 -9565.77 28991.2 -54470.4 
-68586.5 -11768 84038.9 -97439.2 36952.8 16131.7 -78975.7 -5063.24 25209.7 3151.69 
-99398.8 -98546.5 96317.3 77639.5 57827.4 89584.5 -9347.3 -36884 -47080 -5444.91 
93396 28921.9 -62673.9 71629.3 -39080 43176.8 -39811.9 -94465.1 46935.6 91382.1 
-25888.5 11806 46604.1 -94453.3 75995.5 53635.2 -95220.6 -63339.8 33921.4 -90960.4 
-61385.6 -27184.1 41761.5 -33971.6 33946 35011.6 60129.5 -40695.4 -83337.2 62750.6 
-53196.4 -51323.4 -43687 -84020.7 -20748.2 51505 67516.4 43874.3 -28275.8 99024.8 
68624.1 -5112.45 -52865.9 -18335.6 -56737.9 62077.5 -91596.4 -10259.3 24289.5 61167.2 
71531.2 -81693.6 -18784.9 81778.4 97300 -69897.3 -73442.5 -86739.1 -49593.3 -41945 
-51293.8 22332.5 -73748.5 -38289.5 -33093.5 -2415.21 78414 -72635.8 -18263.3 35942.8 
-8519.35 12026.2 84808.6 48342.8 15852.6 -69202.5 31288.5 69943.8 34349.3 88096.7 
13913.8 -38653.8 -90545.8 47876.7 -11669.8 -64598.6 -27554.5 2204.51 -92974.5 40202.3 
93507.8 66765.4 66372.6 68299.5 -1449.53 62045.6 28675.2 -98667.4 67587.1 89313.7 
65927.8 3705.97 21676.7 -48884.8 -45512.5 54731.3 30843.4 73696.4 47925.4 2680.18 
-69290.3 -96692.8 -583.216 -10041.9 28147.5 -3761.65 -58014.5 -82648.4 43746.4 24551.5 
-59446.6 81939.5 -13292.4 26418.5 95783.9 -16677.8 -84368.6 95487.7 15156.1 23994 
-52002.1 -60318 78341.6 5602.19 -45607.9 -36741.7 6996.33 42876.1 20364.5 66858.4 
84399.6 16389 79742.9 4128.25 -22865 38539.3 74857.5 -32421.7 -1547.72 -85153.5 
-83369.6 -4696.69 -40051 73837.5 -52737.7 -7852.33 6594.14 74236.2 1775.04 28434.2 
-50477.2 771.107 7793.29 -10557.8 73743.8 85361.1 -66412.3 -95751.7 -68335.9 82652.9 
-11152.2 49196.4 -55758.4 -97115.1 -82814.8 58788.4 52953.7 -54886.4 -63570 84448.9 
58936.9 -37480.1 -45931.4 37572.5 -86098.8 -50885.2 69929.8 44573.6 33662.3 10389.1 
-1821.98 -78886.5 92062.7 -52293.9 -6240.21 71060.4 -95539.3 13325.2 -61473.7 2828.72 
-95586.3 -23263.2 -64910.7 -64997.5 -4258.25 468.045 -24998.5 -31199 4114.27 -14854.4 
-27376 -8098.49 -83094.4 5676.72 81899 12191.1 -71962 7384.98 -36917.7 24573.5 
58534.2 -10864 58134.6 -58649.8 -90441.4 47520.7 69206.3 91587.9 61005.2 -21763.4 
73903 -7239.95 -91673.9 37794.4 -18760.8 70486.4 -17220.2 8122.61 -10977 -24790.8 
-24896.8 39781.1 82003.7 -19903.3 38662.1 6845.19 3748.26 -41329.4 -75626.7 -86728.7 
-12330.5 87734.6 -2250.75 -48119.8 -72432.1 37329.3 94030.6 -68059.1 1521.97 29787.2 
-93354.3 52995.8 -95205.7 -61815.2 -59000.5 49816.2 36319.3 -16391.8 -12517.6 37236 
18060.2 85449.3 -79946.6 -66648.9 -36471.3 -8218.78 -52409 -95021.4 16479.2 -79835.7 
-10039.9 15305.8 65334.5 10305.7 39020.8 -61032.8 4396.56 80174.4 -78088.8 -44251 
65028.5 78452.2 81332.3 -8144.94 62630.1 39474.3 -60154.2 30604.7 82051.5 -32408.8 
-32254.2 -51966.9 -75763.6 6165.32 -44653.7 69306.6 -47102.6 51829.2 -77792 -45632.2 
18338.9 4588.08 -23025.5 -6885.34 -81668.1 90633.8 38339.2 22876.6 -46407 14637.6 
58261.6 88683.7 66084 74563.1 -6967.79 -42061.8 -90924.4 29517.6 33703.3 -49453.9 
54083.5 95822.9 -22001.6 88483.3 -8953.84 -92413.1 92534.6 -77675.3 -33428.1 84167.8 
-89349.9 4430.02 10549.5 -8087.81 47216.2 -27552.3 -20460.7 -68304.2 7361.88 51453.1 
3266.24 -96063.1 87980.1 91045.5 74887.7 97210.4 -44764.5 -62363.9 -2732.96 -77448.1 
42635.6 81281.5 98562.5 4127.76 -1612.87 20965.9 96029 -49416.8 -61683.6 -89562.4 
-39214.5 11235.2 85950.1 8513.17 -54980.8 45446 80776.7 -46370.2 -76387.8 -45589 
80786.6 575.609 -90416.2 14035.9 83614.2 -7998.73 52704.8 95153.6 -93181.2 6942.2 
-86372.1 -37277.8 -58809 63559.7 -14658.1 7264.74 -74458.9 -25562.8 -1373.22 -54333.4 
-99826.8 -60168.1 -45002.5 -19845 7499.58 -47959.1 37601.6 31187.5 -90834 75579 
-79007.6 1676.2 -95161.6 -64554.8 87462.7 49988.3 84521 3604.96 54346.4 -18874.4 
71532.9 39368.8 -96859.9 43871.6 45183.8 -46198.8 49024.1 80090.4 10124.4 -78216.9 
-89922.7 55958.4 -50570.7 95774.5 40928.7 93627 88655 -81109.5 9963.41 -96415.9 
-98119.3 88298.8 -28896.5 -29126.8 49243.1 -2255.65 44949.6 2583.45 34258.8 31558.5 
76908.2 89197.3 28384.6 31684.6 8632.32 75947.5 8126.54 95058.9 -56378.9 41690.9 
-50578.3 -80857.4 82629.8 72033.6 70254.7 -96019.6 23507.1 80856 75380.5 -48986.1 
-17078.6 9902.81 75653.8 45748.5 18430.9 60526.2 66534.6 83453.7 -10831.5 -10107.1 
53517.8 87742 92356.6 -4750.12 68806.7 20602.4 -91264 50596.6 -25915 78344.3 
93915.5 63764.4 -39581 -4865.17 -40523.7 94584.6 55287.1 -32244.8 639.719 -26385.4 
67838.3 9976.06 20797.5 -42331.4 19143 8625.25 -13171.8 73885.8 50744.8 -58310.7 
23031.4 41450.8 -41537.2 -51678.3 -61837.3 94545.9 98250.5 -33859.9 22122.6 38723.6 
-25829.5 -95306.8 93772.5 -73380.9 67767.2 -69869.5 50575.3 -38292 83221.6 1276.34 
44429.4 -46198.9 83263.1 61851.1 64019.4 -22391.6 50655 -62295.9 27134.4 -76933.9 
-25947.6 35782.5 -20505.2 -64835 -90205.1 46406 94278.6 -29446.6 60866.8 53185 
55331.3 7673.83 98695.4 83546.1 63033.3 35364.6 40687.6 85659.5 -82438.8 32369.3 
5794.09 -15328.1 66113.9 -50590.9 24075.7 2010.2 -72657.9 -14930.5 58652.1 53915.2 
455.79 -19576.1 -73811.9 42934.1 14969.5 58031.1 78564 -29884.3 -88272 43819.7 
72799 -931.446 78927.5 -2467.57 -87371.9 -12968.4 39235.6 79134.7 -46294.6 -49274.1 
-95292.6 34737 -16737.7 68297.7 -80655.8 -41086.1 77581.5 -4758.82 -50220.9 2791.38 
61507.6 14622.3 -94684.8 80745.2 -43327.8 35291 -17128.4 -71097.1 -31975.8 5369.04 
-75012.7 7417.3 -95188.6 -44742.7 -73566.4 -97894.6 -99875.6 -91658.8 97000.8 -45586.5 
-85663.1 83686.4 -27079.7 41539.4 71958 -27786 -92032.1 -95255.7 13614.6 48587.8 
-92183.5 47484.2 27178.5 -18806.9 -98001.8 -22405 -27988 -81245.8 -37743.5 1149.2 
-771.901 15789.1 -41240.6 -46655.3 -84195.2 3349.92 -82758.6 -17195.8 -84100.9 20698.9 
-90019.9 -3436.61 -2816.74 -76986.8 -85971.3 77078 15995.8 66454.5 -13695.2 -41974.3 
-43991.9 24207.1 -8058.57 11725.2 -12795.5 77948.7 -31433.7 868.929 -90736.7 77998 
4090.96 52403.1 32397.4 24239.4 63503.2 -46692.9 -15924.9 35154 -66065.2 318.445 
69942.9 -6965.44 2812 57673.3 91582 -8376.58 -63059.6 85461 13601.6 14552.7 
59318 91248.6 97528.9 55565 77527.8 -83481.5 -14314.1 -76855.3 2173.79 87610.6 
13836.8 36009.3 -35746.8 95881 33465.4 -15728.7 -17881 92381 29355.1 -72216.3 
-942.235 12289.5 89743.8 60709.5 -62609.8 7975.68 -34176.2 25471.9 -95617 33248.8 
-5517.8 -85255.9 77784.4 67210.8 -478.013 -87548.9 76397.6 16846.7 -2887.5 24447.7 
-4819.61 96931.1 -81854.4 -17698.9 87496.3 28234.5 87935.2 -93961 97686.3 97291 
57975.9 87827 -9180.68 30591.8 49533.4 15314.2 27375.1 -23835.4 87419.7 46102.2 
-68457.5 -89311.1 20245.6 -93573.7 -67649.7 -20497.7 61217.8 -18905.6 91285.6 -62606.4 
91611.4 36133.3 -23452 87617.6 25302.3 -3939.54 -23191.1 -32570 -91154 73208.4 
42178.8 28850.8 -85887.9 4974.04 79211.2 49651.6 -64603.9 5505.42 23382.6 47152 
98610 62924.1 85406.8 -76103.8 -67927.7 -78974.6 -47944.7 36215.3 62266.2 29189.9 
66518 54292 20170.8 -87496.8 -35986.3 -70325.1 -12903.4 72201 -69758.7 -25691.3 
24079.4 9869.88 -60921.8 18385.6 55096.6 -37666.1 94633.4 -40972.9 -41236.9 -51011.9 
-95219.9 4860.13 9799.27 10236.5 19312.6 85112.4 81027.8 -43235.7 -70381 18994.6 
75790.8 -83958.7 -4585.76 -79709.5 -25827.3 -9679 37913.9 76953.1 45911.3 56657.6 
77500.7 82370.5 -51087.5 21776.9 -42235.7 65811.9 -8729.63 -20536.1 -1197.71 -84512.8 
14436.8 -38918.5 -88656.1 -21853.6 70090.6 55742.1 -666.031 49032 48177.8 -6322.82 
14633.5 -89166.7 -51792.4 50322.7 8368.16 -53059.9 27427.5 -23915.6 19765.2 -38141.8 
14582.4 12329.7 -60828.7 63901.4 6597 30068.9 88322 36380.2 10859.7 -10144 
-32495.9 86372.9 -50991.2 13023.9 39351.7 98799.9 75129.9 89674.1 -18260.5 94400.2 
57036.9 28795.4 6489.92 -60648 51576.1 -65536.4 -13902.8 -53832.7 -22952.6 -67261.4 
86300.6 40971.4 35563.4 -52643.6 -25243.1 29833.2 83276.3 90330.1 38977.8 63959 
-32265.8 -51287.3 -17174.5 -21717.1 45487.4 -750.983 -32401.1 -85802.9 -56324.1 -59502.8 
-84495.6 39337.6 8783.69 -50252.5 19897 -93516.1 -71229 -9810.47 -56663.3 -75160.9 
-87516.5 -36776.4 -61616.3 29283.2 34168.8 -4218.81 -2074.06 27490.8 -11804.2 25669.4 
83254.5 -58196.2 31419 49986.9 4372.22 -24873.4 -11396.4 45944.5 -48468 -31912.4 
-2275.31 -16801.2 53857.3 40053.8 -3907.87 73180.6 -51525.3 -50881.7 -4090.11 -84285.1 
