100 1
47503.8 
99983.7 
-46561.8 
64298.7 
-66819.9 
88194.4 
62564.2 
-14175.9 
-30485.5 
35921.5 
-9360.26 
9095.49 
41274.8 
26226.2 
15365.1 
21860.1 
-76425.4 
6105.82 
22397.6 
57520.3 
46661.6 
-66949.1 
-45190.2 
-68793.9 
-4979.52 
83354.8 
73954.6 
-60240.9 
65145.2 
-12189.1 
-88920.3 
51839.2 
-95325.6 
-71437.7 
-91218 
-74720.3 
-42207.4 
-13647 
38209.9 
51360.9 
-14081.8 
-27283.7 
55889 
69884.6 
62519.7 
72949.6 
-81463.4 
-97790.9 
9023.99 
89583.3 
8530.16 
73646.9 
-81072.2 
30552.6 
62888.5 
39648.6 
96846.3 
81102.2 
55880.4 
37854.5 
21416.1 
10995.1 
52521.9 
66294.7 
83080 
93980.8 
-52892.5 
20027 
-69588.2 
-58575.7 
80267.7 
91483.7 
-1485.85 
-27822.1 
82809.3 
-34776 
98854.6 
31391.7 
41118.2 
65451.5 
73375 
-67418 
77086.7 
68325.6 
-81751.1 
63054.8 
-59560.7 
-10206.8 
-65392.2 
-20959.4 
-8669.39 
-94336.9 
-9056.25 
30875.6 
-17907.1 
-47194 
-65635.4 
47212.4 
-18526.8 
49543.7 
